walk,21815,6457,354
walk,21804,6445,277
walk,21790,6432,174
walk,21774,6416,85
walk,21770,6391,16
walk,21770,6369,0
walk,21772,6355,0
AttackArea,30
wait,2000
walk,21771,6338,0
walk,21767,6317,0
walk,21759,6299,0
walk,21745,6273,0
AttackArea,30
wait,2000
walk,21723,6262,0
walk,21698,6257,0
walk,21679,6257,3
walk,21661,6257,0
AttackArea,30
wait,2000
walk,21645,6270,2
walk,21630,6283,2
walk,21620,6296,0
AttackArea,30
wait,2000
walk,21618,6314,1
walk,21615,6352,0
walk,21621,6368,0
AttackArea,30
wait,2000
walk,21634,6383,0
walk,21655,6396,0
walk,21675,6405,0
walk,21696,6410,0
walk,21710,6411,0
AttackArea,30
wait,2000
walk,21702,6394,0
walk,21698,6375,-26
walk,21696,6358,-25
walk,21708,6350,-25
AttackArea,10
wait,2000
walk,21695,6353,-25
walk,21675,6352,-25
wait,2000
AttackArea,10
wait,2000
walk,21691,6352,-26
walk,21705,6345,-26
walk,21709,6330,-26
walk,21707,6313,-24
wait,2000
AttackArea,10
wait,2000
walk,21692,6311,-26
walk,21680,6309,-26
walk,21670,6309,-26
wait,2000
AttackArea,10
wait,2000
walk,21655,6318,-26
walk,21635,6320,1
walk,21617,6322,0
walk,21593,6323,30
walk,21574,6323,60
walk,21549,6322,59
walk,21526,6322,59
walk,21503,6321,59
walk,21481,6321,60
walk,21459,6320,63
walk,21435,6319,34
walk,21414,6318,6
walk,21394,6318,-23
walk,21371,6317,-23
AttackArea
wait,20000
walk,21396,6317,-23
walk,21414,6317,6
walk,21426,6318,20
walk,21451,6319,38
walk,21470,6320,63
walk,21494,6320,60
walk,21519,6322,59
walk,21544,6323,59
walk,21565,6323,60
walk,21580,6323,60
walk,21607,6320,4
walk,21618,6292,0
walk,21627,6266,4
walk,21618,6257,53
walk,21605,6244,60
walk,21587,6227,58
walk,21577,6217,58
walk,21565,6204,58
walk,21550,6190,60
walk,21539,6178,60
walk,21528,6167,63
walk,21514,6153,34
walk,21504,6143,21
walk,21488,6128,-23
walk,21478,6117,-23
walk,21465,6105,-22
AttackArea
wait,20000
walk,21479,6119,-23
walk,21489,6129,-23
walk,21498,6138,7
walk,21510,6150,34
walk,21520,6159,48
walk,21533,6173,63
walk,21549,6188,60
walk,21561,6200,58
walk,21573,6212,58
walk,21585,6224,58
walk,21596,6236,60
walk,21608,6248,60
walk,21627,6266,4
walk,21650,6262,0
walk,21670,6252,4
walk,21682,6239,4
walk,21683,6229,52
walk,21683,6212,60
walk,21683,6193,61
walk,21682,6175,59
walk,21682,6155,59
walk,21680,6132,60
walk,21681,6108,63
walk,21680,6081,34
walk,21679,6062,20
walk,21678,6037,-23
walk,21677,6017,-22
walk,21676,6007,-22
AttackArea
wait,20000
use,Special Return Scroll
stop
