walk,4815,149,1380
walk,4795,149,1380
walk,4778,145,1380
walk,4757,135,1380
walk,4734,119,1374
walk,4713,95,1378
walk,4716,85,1377
walk,4715,66,1378
walk,4715,49,1383
walk,4710,32,1386
walk,4699,15,1384
walk,4685,3,1388
walk,4664,-7,1376
walk,4643,-16,1373
walk,4626,-19,1369
walk,4612,-16,1363
walk,4594,-7,1294
walk,4576,5,1219
walk,4558,19,1137
walk,4542,33,1093
walk,4525,52,1025
walk,4510,73,956
walk,4498,91,922
walk,4480,110,898
walk,4466,125,906
walk,4454,134,920
walk,4440,145,907
walk,4433,163,876
walk,4428,188,807
walk,4424,210,757
walk,4418,238,704
walk,4410,267,681
walk,4401,292,701
walk,4393,315,721
walk,4388,335,765
walk,4385,363,775
walk,4380,386,775
walk,4379,411,755
walk,4383,436,715
walk,4386,456,700
walk,4391,498,576
walk,4393,516,553
walk,4399,538,523
walk,4407,557,516
walk,4420,579,529
walk,4433,598,538
walk,4447,618,552
walk,4465,637,587
walk,4477,652,593
walk,4496,675,535
walk,4511,697,465
walk,4519,724,371
walk,4521,739,361
walk,4520,756,341
walk,4517,777,282
walk,4514,793,236
walk,4510,814,171
walk,4504,834,107
walk,4496,850,82
walk,4488,868,65
walk,4479,890,50
walk,4468,905,50
walk,4459,917,49
walk,4452,925,48
wait,5000
teleport,Ferry Ticket Seller Chau,Ferry Ticket Seller Hageuk
wait,5000
walk,4127,1227,39
walk,4120,1252,40
walk,4111,1273,53
walk,4093,1302,64
walk,4078,1325,69
walk,4064,1346,76
walk,4047,1370,62
walk,4031,1386,47
walk,4019,1395,40
walk,4005,1394,33
walk,3984,1392,7
walk,3965,1388,-9
walk,3946,1380,-12
walk,3922,1370,-21
walk,3897,1361,-25
walk,3869,1353,-19
walk,3851,1344,-9
walk,3826,1329,-23
walk,3806,1319,-9
walk,3788,1309,-5
walk,3765,1300,-11
walk,3747,1291,-9
walk,3728,1282,-7
walk,3706,1276,-7
walk,3691,1273,0
walk,3669,1268,0
walk,3646,1263,0
walk,3624,1261,0
walk,3603,1261,0
walk,3578,1255,0
walk,3558,1245,1
walk,3541,1230,2
walk,3524,1211,4
walk,3506,1190,5
walk,3490,1172,14
walk,3472,1153,17
walk,3457,1138,19
walk,3442,1122,19
walk,3425,1105,15
walk,3401,1086,5
walk,3383,1071,3
walk,3359,1056,3
walk,3334,1048,2
walk,3320,1051,0
walk,3304,1060,0
walk,3292,1076,0
walk,3281,1098,0
walk,3274,1121,0
walk,3266,1144,0
walk,3255,1161,0
walk,3243,1173,0
walk,3226,1183,0
walk,3205,1189,0
walk,3183,1196,0
walk,3160,1201,0
walk,3136,1204,0
walk,3114,1206,0
walk,3092,1210,0
walk,3067,1215,0
walk,3044,1217,0
walk,3015,1218,-11
walk,2998,1217,10
walk,2974,1214,-5
walk,2944,1207,-22
walk,2926,1195,-27
walk,2906,1181,-24
walk,2887,1159,-22
walk,2875,1142,-19
walk,2858,1113,-18
walk,2849,1094,-10
walk,2841,1075,0
walk,2831,1053,0
walk,2818,1037,1
walk,2805,1027,18
walk,2777,1022,2
walk,2761,1025,12
walk,2747,1031,31
walk,2718,1033,21
walk,2703,1033,51
walk,2690,1035,69
walk,2654,1037,5
walk,2630,1038,-9
walk,2607,1038,-48
walk,2588,1038,-97
walk,2564,1033,-175
walk,2545,1019,-232
walk,2533,1003,-269
walk,2524,983,-278
walk,2513,955,-301
walk,2504,937,-308
walk,2496,917,-303
walk,2486,892,-298
walk,2477,872,-291
walk,2469,854,-269
walk,2460,834,-257
walk,2450,814,-231
walk,2441,793,-209
walk,2431,767,-200
walk,2420,744,-197
walk,2407,721,-200
walk,2388,690,-223
walk,2376,678,-224
walk,2357,655,-236
walk,2338,639,-204
walk,2314,621,-170
walk,2289,605,-146
walk,2256,591,-140
walk,2235,584,-122
walk,2206,575,-95
walk,2186,569,-63
walk,2160,562,-47
walk,2138,555,-28
walk,2112,548,-22
walk,2083,540,-32
walk,2059,536,-36
walk,2034,531,-48
walk,2010,529,-56
walk,1986,528,-73
walk,1961,526,-94
walk,1940,520,-90
walk,1923,511,-81
walk,1912,496,-71
walk,1906,479,-58
walk,1897,463,-51
walk,1886,442,-50
walk,1875,422,-47
walk,1865,403,-36
walk,1857,381,-42
walk,1851,358,-39
walk,1846,337,-33
walk,1844,319,-23
walk,1845,298,-21
walk,1846,280,-9
walk,1846,262,2
walk,1849,241,0
walk,1851,221,11
walk,1854,196,15
walk,1856,170,17
walk,1855,147,17
walk,1848,124,18
walk,1836,100,36
walk,1823,82,57
walk,1808,64,71
walk,1795,50,94
walk,1771,25,78
walk,1749,10,55
walk,1734,-3,55
walk,1713,-23,24
walk,1699,-36,16
walk,1674,-48,-3
walk,1653,-50,-10
walk,1634,-44,-12
walk,1614,-34,-14
walk,1597,-23,-18
walk,1583,-18,-20
walk,1565,-17,10
wait,5000
teleport,Boat Ticket Seller Salmai,Boat Ticket Seller Rahan
wait,5000
walk,1040,-42,-22
walk,1020,-32,-20
walk,996,-31,-17
walk,973,-33,2
walk,939,-31,25
walk,926,-24,57
walk,895,-11,-2
walk,878,-7,-11
walk,857,-4,-5
walk,838,0,-11
walk,823,6,-10
walk,806,13,-9
walk,790,18,-9
walk,763,30,-14
walk,741,40,-8
walk,727,51,2
walk,712,63,6
walk,700,73,10
walk,686,83,16
walk,669,89,16
walk,656,91,24
walk,638,91,23
walk,620,88,20
walk,603,78,17
walk,565,64,9
walk,535,58,5
walk,515,52,2
walk,494,48,5
walk,472,47,2
walk,454,47,0
walk,433,47,8
walk,410,48,11
walk,384,49,11
walk,354,48,11
walk,330,47,11
walk,307,46,11
walk,300,31,13
walk,294,13,12
walk,286,-7,12
walk,281,-29,13
walk,271,-49,22
walk,257,-68,21
walk,238,-86,14
walk,215,-105,17
walk,186,-116,20
walk,166,-122,22
walk,132,-127,16
walk,104,-130,15
walk,80,-127,19
walk,49,-119,19
walk,24,-112,11
walk,5,-99,9
walk,-11,-82,10
walk,-27,-65,10
walk,-41,-47,12
walk,-53,-27,11
walk,-60,-1,11
walk,-66,21,11
walk,-71,36,11
walk,-81,44,13
walk,-87,48,13
walk,-109,48,12
walk,-126,48,12
walk,-148,48,12
walk,-170,47,12
walk,-192,47,12
walk,-205,47,38
walk,-220,48,83
walk,-242,49,119
walk,-268,50,145
walk,-294,54,207
walk,-316,57,267
walk,-337,62,345
walk,-358,65,409
walk,-378,69,489
walk,-398,77,553
walk,-419,82,594
walk,-442,87,643
walk,-461,90,685
walk,-489,91,700
walk,-508,91,698
walk,-534,95,673
walk,-556,98,667
walk,-590,101,599
walk,-616,101,555
walk,-636,101,558
walk,-660,101,559
walk,-684,103,559
walk,-704,104,575
walk,-728,104,575
walk,-751,104,575
walk,-781,109,548
walk,-810,125,565
walk,-824,135,605
walk,-844,154,653
walk,-854,165,709
walk,-869,182,785
walk,-886,203,827
walk,-892,222,877
walk,-902,238,936
walk,-913,251,990
walk,-932,267,1054
walk,-946,275,1095
walk,-971,289,1158
walk,-995,297,1214
walk,-1012,301,1263
walk,-1036,312,1271
walk,-1051,323,1305
walk,-1068,332,1322
walk,-1092,341,1346
walk,-1110,349,1357
walk,-1121,363,1358
walk,-1141,375,1365
walk,-1158,385,1391
walk,-1175,400,1387
walk,-1196,415,1388
walk,-1208,423,1391
walk,-1234,437,1394
walk,-1249,447,1387
walk,-1269,459,1377
walk,-1285,467,1378
walk,-1302,473,1393
walk,-1322,475,1387
walk,-1349,477,1364
walk,-1366,475,1382
walk,-1387,468,1387
walk,-1400,458,1401
walk,-1422,440,1380
walk,-1436,431,1388
walk,-1452,423,1381
walk,-1473,420,1364
walk,-1491,419,1361
walk,-1509,414,1367
walk,-1527,406,1373
walk,-1544,398,1371
walk,-1563,388,1344
walk,-1580,380,1334
walk,-1607,375,1322
walk,-1621,375,1323
walk,-1642,371,1328
walk,-1659,367,1322
walk,-1678,359,1331
walk,-1699,349,1361
walk,-1716,338,1383
walk,-1734,326,1386
walk,-1752,316,1379
walk,-1774,303,1378
walk,-1801,296,1380
walk,-1822,289,1358
walk,-1848,283,1346
walk,-1868,284,1373
walk,-1890,285,1400
walk,-1908,290,1406
walk,-1935,297,1376
walk,-1955,298,1373
walk,-1974,302,1380
walk,-1996,305,1395
walk,-2010,307,1420
walk,-2030,311,1461
walk,-2039,312,1485
walk,-2060,311,1548
walk,-2075,308,1594
walk,-2096,300,1649
walk,-2114,291,1704
walk,-2135,281,1756
walk,-2168,267,1805
walk,-2181,257,1827
walk,-2201,246,1866
walk,-2234,229,1890
walk,-2251,222,1912
walk,-2275,216,1951
walk,-2287,218,1984
walk,-2308,226,1990
walk,-2326,234,1991
walk,-2342,242,1991
walk,-2359,251,1992
walk,-2377,262,1992
walk,-2396,272,1998
walk,-2416,283,2004
walk,-2432,292,2020
walk,-2448,299,2040
walk,-2470,309,2052
walk,-2498,321,2051
walk,-2517,328,2064
walk,-2527,335,2089
walk,-2552,343,2091
walk,-2576,351,2094
walk,-2594,358,2105
walk,-2611,371,2106
walk,-2618,377,2134
wait,5000
teleport,Airship Ticket Seller Dawari,Aircraft Ticket Seller Ajati
wait,5000
walk,-3192,635,2526
walk,-3208,644,2529
walk,-3223,652,2527
walk,-3235,659,2521
walk,-3250,672,2510
walk,-3265,683,2500
walk,-3279,690,2493
walk,-3295,699,2476
walk,-3313,716,2452
walk,-3325,735,2424
walk,-3331,751,2403
walk,-3342,770,2366
walk,-3354,785,2337
walk,-3369,798,2299
walk,-3382,810,2275
walk,-3397,826,2250
walk,-3410,845,2239
walk,-3421,858,2232
walk,-3432,877,2224
walk,-3441,894,2222
walk,-3452,914,2212
walk,-3463,931,2214
walk,-3481,951,2229
walk,-3501,964,2239
walk,-3523,967,2243
walk,-3547,971,2233
walk,-3575,974,2221
walk,-3597,971,2234
walk,-3621,966,2264
walk,-3643,959,2287
walk,-3672,958,2282
walk,-3697,958,2268
walk,-3723,960,2266
walk,-3744,964,2266
walk,-3766,963,2253
walk,-3789,955,2231
walk,-3810,944,2193
walk,-3830,931,2141
walk,-3848,915,2102
walk,-3860,900,2077
walk,-3870,881,2039
walk,-3884,855,1984
walk,-3895,837,1964
walk,-3908,820,1971
walk,-3922,802,1993
walk,-3936,783,2028
walk,-3949,768,2056
walk,-3961,754,2072
walk,-3974,738,2074
walk,-3998,713,2031
walk,-4014,698,2009
walk,-4032,685,1997
walk,-4049,674,1986
walk,-4061,662,1987
walk,-4078,648,1983
walk,-4099,631,1958
walk,-4120,616,1951
walk,-4142,603,1954
walk,-4159,595,1951
walk,-4178,588,1944
walk,-4199,589,1927
walk,-4220,594,1913
walk,-4238,602,1915
walk,-4255,613,1912
walk,-4274,627,1917
walk,-4288,638,1932
walk,-4305,649,1929
walk,-4326,660,1916
walk,-4344,658,1926
walk,-4359,658,1943
walk,-4377,660,1943
walk,-4395,669,1947
walk,-4414,678,1953
walk,-4429,685,1970
walk,-4444,692,1987
walk,-4464,701,2005
walk,-4482,704,2027
walk,-4497,703,2042
walk,-4515,698,2025
walk,-4541,692,2007
walk,-4560,683,1998
walk,-4578,677,2010
walk,-4594,669,2009
walk,-4627,656,1975
walk,-4639,661,1973
walk,-4654,670,1978
walk,-4668,683,2014
walk,-4683,692,2041
walk,-4709,704,2059
walk,-4728,711,2074
walk,-4748,716,2084
walk,-4768,722,2090
walk,-4795,729,2093
walk,-4815,732,2097
walk,-4838,736,2116
walk,-4858,736,2146
walk,-4874,733,2158
walk,-4897,724,2176
walk,-4917,715,2203
walk,-4935,703,2248
walk,-4949,692,2292
walk,-4966,676,2338
walk,-4981,659,2379
walk,-4992,646,2414
walk,-5000,632,2443
walk,-5007,620,2466
walk,-5014,603,2502
walk,-5017,586,2525
walk,-5025,570,2546
walk,-5036,552,2578
walk,-5045,537,2612
walk,-5052,521,2639
walk,-5059,506,2675
walk,-5068,483,2708
walk,-5076,468,2731
walk,-5086,452,2779
walk,-5092,440,2829
walk,-5099,424,2865
walk,-5107,411,2886
walk,-5122,395,2895
walk,-5135,384,2918
walk,-5149,373,2952
walk,-5169,366,3016
walk,-5189,356,3108
walk,-5206,351,3175
walk,-5225,348,3240
walk,-5242,348,3301
walk,-5261,348,3363
walk,-5279,348,3405
walk,-5301,349,3416
walk,-5325,351,3411
walk,-5349,359,3396
walk,-5369,366,3410
walk,-5389,375,3442
walk,-5404,387,3481
walk,-5416,396,3530
walk,-5427,404,3570
walk,-5443,417,3579
walk,-5455,428,3593
walk,-5473,449,3569
walk,-5486,467,3555
walk,-5495,484,3585
walk,-5501,500,3642
walk,-5503,513,3726
walk,-5503,532,3800
walk,-5500,554,3854
walk,-5495,570,3873
walk,-5488,592,3930
walk,-5483,610,3943
walk,-5483,626,3954
walk,-5487,640,3960
walk,-5504,642,3984
walk,-5527,638,4006
walk,-5545,633,4025
walk,-5561,630,4031
walk,-5583,627,4014
walk,-5602,626,3996
walk,-5629,630,3932
walk,-5652,632,3910
walk,-5673,629,3890
walk,-5696,630,3870
walk,-5713,634,3869
walk,-5736,639,3857
walk,-5751,638,3854
walk,-5768,635,3854
walk,-5773,633,3891
wait,5000
teleport,Aircraft Ticket Seller Sangnia,Aircraft Ticket Seller Shard
wait,5000
walk,-6218,964,590
walk,-6249,960,525
walk,-6267,959,514
walk,-6283,961,502
walk,-6305,954,447
walk,-6323,943,381
walk,-6341,930,330
walk,-6356,923,302
walk,-6376,912,257
walk,-6392,907,232
walk,-6418,907,205
walk,-6435,911,192
walk,-6454,915,191
walk,-6470,919,191
walk,-6491,926,185
walk,-6508,929,192
walk,-6522,933,203
walk,-6536,939,201
walk,-6552,947,209
walk,-6566,958,209
walk,-6584,967,195
walk,-6604,974,180
walk,-6623,981,180
walk,-6643,987,180
walk,-6666,991,180
walk,-6685,993,193
walk,-6705,993,247
walk,-6724,994,297
walk,-6749,998,298
walk,-6766,1003,304
walk,-6793,1017,309
walk,-6814,1031,312
walk,-6833,1038,314
walk,-6857,1044,313
walk,-6871,1052,313
walk,-6878,1066,322
walk,-6884,1090,326
walk,-6897,1110,327
walk,-6906,1118,327
walk,-6916,1129,321
walk,-6932,1143,293
walk,-6939,1148,285
walk,-6953,1159,233
walk,-6970,1169,180
walk,-6991,1174,180
walk,-7015,1172,180
walk,-7040,1173,181
walk,-7063,1176,180
walk,-7080,1185,182
walk,-7096,1197,195
walk,-7107,1204,247
walk,-7121,1210,254
walk,-7138,1217,211
walk,-7160,1222,127
walk,-7175,1221,92
walk,-7191,1216,70
walk,-7216,1216,-1
walk,-7233,1212,-11
walk,-7248,1210,-35
walk,-7270,1212,-119
walk,-7289,1215,-163
walk,-7317,1217,-182
walk,-7340,1220,-193
walk,-7361,1224,-193
walk,-7381,1228,-194
walk,-7398,1225,-184
walk,-7416,1220,-182
walk,-7435,1216,-181
walk,-7449,1213,-171
walk,-7466,1210,-172
walk,-7485,1211,-175
walk,-7501,1209,-172
walk,-7528,1213,-187
walk,-7545,1217,-179
walk,-7564,1224,-184
walk,-7580,1229,-186
walk,-7599,1233,-189
walk,-7617,1233,-185
walk,-7637,1229,-181
walk,-7653,1225,-180
walk,-7669,1218,-175
walk,-7688,1212,-179
walk,-7706,1213,-173
walk,-7720,1215,-170
walk,-7737,1220,-145
walk,-7752,1224,-125
walk,-7767,1229,-116
walk,-7779,1239,-100
walk,-7793,1251,-81
walk,-7806,1265,-71
walk,-7812,1278,-50
walk,-7818,1293,-22
walk,-7824,1314,-8
walk,-7827,1333,4
walk,-7831,1352,17
walk,-7836,1365,47
walk,-7839,1379,97
walk,-7841,1393,129
walk,-7844,1409,146
walk,-7850,1425,154
walk,-7860,1441,149
walk,-7872,1452,166
walk,-7893,1463,165
walk,-7914,1477,154
walk,-7926,1483,164
walk,-7941,1487,178
walk,-7957,1490,187
walk,-7976,1494,184
walk,-7991,1500,180
walk,-8003,1509,180
walk,-8020,1519,179
walk,-8034,1524,169
walk,-8053,1531,158
walk,-8066,1544,156
walk,-8072,1561,165
walk,-8084,1577,171
walk,-8094,1590,196
walk,-8102,1603,222
walk,-8111,1612,230
walk,-8132,1629,162
walk,-8147,1645,153
walk,-8165,1654,149
walk,-8189,1664,140
walk,-8201,1674,139
walk,-8213,1690,139
walk,-8223,1705,144
walk,-8242,1724,60
walk,-8268,1727,15
walk,-8294,1729,-11
walk,-8313,1733,-17
walk,-8340,1737,-23
walk,-8361,1737,-16
walk,-8386,1738,-23
walk,-8409,1738,-24
walk,-8433,1738,-25
walk,-8455,1738,-25
walk,-8474,1739,-16
walk,-8490,1740,-4
walk,-8510,1742,0
walk,-8525,1745,1
walk,-8539,1757,2
walk,-8549,1771,3
walk,-8559,1787,0
walk,-8567,1799,0
walk,-8576,1809,0
walk,-8584,1818,0
walk,-8594,1825,0
walk,-8603,1829,0
walk,-8610,1829,29
walk,-8618,1828,71
walk,-8626,1828,117
walk,-8633,1829,155
walk,-8644,1828,158
walk,-8666,1828,110
walk,-8687,1828,38
wait,5000
teleport,Priate Blackbeard,Harbor Manager Gale
wait,5000
walk,-11467,1180,-245
walk,-11481,1188,-245
walk,-11495,1200,-246
walk,-11508,1213,-248
walk,-11515,1230,-243
walk,-11514,1255,-219
walk,-11511,1274,-177
walk,-11492,1306,-153
walk,-11475,1319,-113
walk,-11462,1335,-63
walk,-11457,1349,-29
walk,-11453,1362,-13
walk,-11447,1382,-6
walk,-11440,1401,0
walk,-11432,1420,0
walk,-11428,1440,0
walk,-11425,1459,0
walk,-11424,1473,0
walk,-11429,1488,0
walk,-11432,1506,0
walk,-11435,1526,0
walk,-11438,1544,0
walk,-11441,1558,0
walk,-11441,1576,-17
walk,-11435,1588,-14
walk,-11426,1605,-12
walk,-11417,1624,-20
walk,-11410,1639,-14
walk,-11404,1655,-13
walk,-11405,1672,-5
walk,-11414,1702,-12
walk,-11417,1717,-8
walk,-11433,1745,0
walk,-11442,1769,-19
walk,-11438,1785,-13
walk,-11430,1802,-10
walk,-11422,1825,-15
walk,-11420,1840,0
walk,-11418,1860,1
walk,-11418,1884,-10
walk,-11418,1902,-12
walk,-11418,1916,-7
walk,-11416,1936,0
walk,-11416,1956,0
walk,-11416,1964,0
walk,-11418,1987,-2
walk,-11419,2009,-21
walk,-11419,2025,-10
walk,-11420,2045,1
walk,-11420,2060,3
walk,-11421,2087,-15
walk,-11422,2100,-13
walk,-11425,2120,-13
walk,-11430,2141,-9
walk,-11434,2153,-6
walk,-11444,2172,-25
walk,-11450,2189,-37
walk,-11459,2207,-52
walk,-11466,2223,-61
walk,-11472,2238,-63
walk,-11480,2254,-75
walk,-11487,2274,-98
walk,-11488,2285,-103
walk,-11486,2304,-118
walk,-11482,2331,-133
walk,-11472,2350,-130
walk,-11461,2370,-130
walk,-11454,2385,-130
walk,-11446,2400,-130
walk,-11436,2420,-137
walk,-11426,2434,-137
walk,-11411,2452,-137
walk,-11400,2462,-138
walk,-11384,2470,-143
walk,-11367,2478,-143
walk,-11357,2492,-148
walk,-11346,2511,-152
walk,-11338,2528,-146
walk,-11328,2541,-130
walk,-11312,2550,-115
walk,-11296,2555,-114
walk,-11273,2559,-103
walk,-11257,2563,-87
walk,-11239,2569,-63
walk,-11225,2578,-37
walk,-11211,2592,-18
walk,-11201,2602,-7
walk,-11191,2615,-2
walk,-11181,2630,1
walk,-11170,2639,1
walk,-11161,2644,1
walk,-11148,2645,7
walk,-11132,2645,7
walk,-11116,2645,7
walk,-11100,2645,7
walk,-11086,2645,7
walk,-11066,2644,-1
walk,-11052,2644,26
walk,-11042,2644,63
walk,-11027,2644,79
walk,-11006,2644,79
walk,-10990,2641,79
walk,-10971,2639,80
walk,-10953,2640,80
walk,-10936,2640,80
walk,-10918,2639,80
walk,-10900,2639,80
walk,-10882,2639,80
walk,-10864,2638,80
walk,-10846,2638,80
walk,-10829,2637,80
walk,-10816,2638,80
walk,-10801,2638,80
walk,-10783,2637,80
walk,-10771,2636,80
walk,-10756,2634,80
walk,-10738,2633,80
walk,-10727,2623,79
walk,-10727,2603,79
walk,-10726,2587,79
walk,-10723,2573,81
walk,-10721,2556,79
walk,-10717,2544,80
walk,-10715,2535,80
walk,-10712,2530,80
