walk,6503,1002,0
walk,6493,992,0
walk,6483,982,0
walk,6470,979,0
walk,6456,979,0
walk,6444,974,0
walk,6439,969,0
walk,6435,965,0
walk,6435,915,0
walk,6434,915,0
walk,6420,915,0
walk,6407,911,0
walk,6393,910,0
walk,6379,910,0
walk,6365,910,0
walk,6351,910,0
walk,6337,910,0
walk,6323,910,0
walk,6309,910,0
walk,6295,910,0
walk,6281,910,0
walk,6267,910,0
walk,6253,909,0
walk,6239,909,0
walk,6225,909,0
walk,6211,909,0
walk,6197,909,0
walk,6183,909,0
walk,6169,909,0
walk,6155,909,0
walk,6141,909,0
walk,6127,909,0
walk,6113,909,0
walk,6099,909,0
walk,6085,909,0
walk,6071,909,0
walk,6057,909,0
walk,6047,899,0
walk,6037,889,0
walk,6027,879,0
walk,6017,869,0
walk,6007,859,0
walk,5997,849,0
walk,5987,839,0
walk,5977,829,0
walk,5967,820,0
walk,5953,819,0
walk,5939,819,0
walk,5926,815,0
walk,5916,805,0
walk,5906,795,0
walk,5896,785,0
walk,5886,775,0
walk,5876,765,0
walk,5866,755,0
walk,5856,745,0
walk,5846,735,0
walk,5836,725,0
walk,5826,715,0
walk,5816,705,0
walk,5806,695,0
walk,5799,690,0
walk,5795,686,0
walk,5738,686,0
walk,5737,686,0
walk,5723,686,0
walk,5709,686,0
walk,5695,686,0
walk,5681,686,0
walk,5667,686,0
walk,5653,686,0
walk,5639,686,0
walk,5626,682,0
walk,5612,680,0
walk,5598,679,0
walk,5587,670,0
walk,5573,670,0
walk,5559,670,0
walk,5545,670,0
walk,5531,670,0
walk,5517,670,0
walk,5503,670,0
walk,5489,670,0
walk,5475,670,0
walk,5461,670,0
walk,5447,670,0
walk,5433,670,0
walk,5419,670,0
walk,5405,670,0
walk,5391,670,0
walk,5377,670,0
walk,5363,670,0
walk,5349,670,0
walk,5335,670,0
walk,5321,670,0
walk,5307,670,0
walk,5293,670,0
walk,5279,670,0
walk,5265,670,0
walk,5251,670,0
walk,5237,670,0
walk,5223,670,0
walk,5209,670,0
walk,5196,668,0
walk,5186,658,0
walk,5176,648,0
walk,5164,642,0
walk,5150,642,0
walk,5150,642,0
walk,5136,642,0
walk,5122,642,0
walk,5108,642,0
walk,5094,642,0
walk,5080,642,0
walk,5066,642,0
walk,5052,642,0
walk,5042,633,0
walk,5032,623,0
walk,5022,613,0
walk,5012,603,0
walk,5000,596,0
walk,4990,586,0
walk,4980,576,0
walk,4970,566,0
walk,4957,562,0
walk,4943,562,0
walk,4931,557,0
walk,4921,547,0
walk,4910,539,0
walk,4898,533,0
walk,4885,530,0
walk,4871,528,0
walk,4859,522,0
walk,4845,520,0
walk,4833,514,0
walk,4822,507,0
walk,4809,504,0
walk,4796,508,0
walk,4784,513,0
walk,4774,523,0
walk,4763,532,0
walk,4752,541,0
walk,4745,553,0
walk,4743,567,0
walk,4748,579,0
walk,4752,592,0
walk,4750,606,0
walk,4752,620,0
walk,4757,632,0
walk,4766,643,0
walk,4769,656,0
walk,4767,670,0
walk,4765,684,0
walk,4774,695,0
walk,4784,705,0
walk,4791,716,0
walk,4797,728,0
walk,4806,739,0
walk,4816,749,0
walk,4826,759,0
walk,4833,771,0
walk,4838,783,0
walk,4845,794,0
walk,4855,804,0
walk,4860,816,0
walk,4868,827,0
walk,4878,837,0
walk,4887,848,0
walk,4893,860,0
walk,4897,873,0
walk,4906,883,0
walk,4916,893,0
walk,4926,903,0
walk,4936,913,0
walk,4946,923,0
walk,4956,933,0
walk,4966,943,0
walk,4976,953,0
walk,4986,963,0
walk,4996,973,0
walk,5006,983,0
walk,5016,993,0
walk,5026,1003,0
walk,5028,1017,0
walk,5028,1031,0
walk,5028,1045,0
walk,5028,1059,0
walk,5028,1073,0
walk,5028,1087,0
walk,5028,1101,0
walk,5028,1115,0
walk,5028,1121,0
wait,5000
walk,5055,1684,0
walk,5041,1684,0
walk,5027,1684,0
walk,5013,1684,0
walk,4999,1685,0
walk,4986,1688,0
walk,4973,1691,0
walk,4959,1691,0
walk,4945,1691,0
walk,4931,1692,0
walk,4917,1692,0
walk,4903,1692,0
walk,4889,1692,0
walk,4875,1692,0
walk,4861,1692,0
walk,4847,1692,0
walk,4833,1692,0
walk,4819,1692,0
walk,4805,1693,0
walk,4792,1696,0
walk,4779,1699,0
walk,4765,1699,0
walk,4751,1699,0
walk,4737,1699,0
walk,4723,1700,0
walk,4709,1701,0
walk,4695,1703,0
walk,4681,1704,0
walk,4667,1706,0
walk,4653,1708,0
walk,4639,1708,0
walk,4625,1708,0
walk,4611,1708,0
walk,4597,1708,0
walk,4583,1708,0
walk,4569,1708,0
walk,4555,1708,0
walk,4541,1708,0
walk,4527,1708,0
walk,4513,1708,0
walk,4501,1714,0
walk,4491,1724,0
walk,4481,1734,0
walk,4471,1744,0
walk,4461,1754,0
walk,4451,1764,0
walk,4441,1774,0
walk,4431,1784,0
walk,4421,1794,0
walk,4411,1804,0
walk,4400,1812,0
walk,4386,1814,0
walk,4373,1818,0
walk,4360,1821,0
walk,4346,1823,0
walk,4333,1826,0
walk,4320,1829,0
walk,4307,1832,0
walk,4293,1834,0
walk,4281,1839,0
walk,4267,1841,0
walk,4254,1844,0
walk,4240,1846,0
walk,4226,1848,0
walk,4212,1849,0
walk,4198,1850,0
walk,4184,1852,0
walk,4171,1855,0
walk,4160,1862,0
walk,4147,1866,0
walk,4134,1869,0
walk,4121,1872,0
walk,4108,1875,0
walk,4095,1879,0
walk,4082,1882,0
walk,4069,1886,0
walk,4059,1896,0
walk,4049,1906,0
walk,4039,1916,0
walk,4029,1926,0
walk,4019,1936,0
walk,4009,1946,0
walk,3998,1955,0
walk,3985,1958,0
walk,3972,1961,0
walk,3959,1965,0
walk,3946,1968,0
walk,3933,1971,0
walk,3920,1975,0
walk,3907,1978,0
walk,3894,1981,0
walk,3881,1985,0
walk,3869,1991,0
walk,3857,1996,0
walk,3843,1996,0
walk,3832,2003,0
walk,3821,2012,0
walk,3810,2020,0
walk,3798,2026,0
walk,3786,2031,0
walk,3774,2038,0
walk,3764,2047,0
walk,3754,2057,0
walk,3743,2064,0
walk,3732,2072,0
walk,3718,2072,0
walk,3704,2072,0
walk,3692,2076,0
walk,3682,2086,0
walk,3672,2096,0
walk,3662,2106,0
walk,3658,2110,0
walk,3655,2110,0
walk,3624,2110,0
walk,3623,2110,0
walk,3622,2110,0
walk,3611,2101,0
walk,3600,2094,0
walk,3586,2092,0
walk,3572,2092,0
walk,3560,2086,0
walk,3546,2084,0
walk,3532,2084,0
walk,3518,2085,0
walk,3506,2083,0
walk,3505,2082,0
walk,3504,2081,0
